,Time,X,Y,Z
0,1843184506.0,0.0,0.017578125,0.017578125
0,1843184506.0,0.05859375,0.056640625,0.0
0,1843184506.0,127.80078125,0.4921875,0.0
0,1843184506.0,126.650390625,0.0,0.0
0,1843184506.0,0.875,1.28515625,0.0
0,1843184506.0,0.0,2.044921875,0.0
0,1843184506.0,126.833984375,2.01953125,0.0
0,1843184506.0,0.064453125,0.05078125,0.0
0,1843184506.0,127.53515625,1.267578125,0.0
0,2608329497.0,0.0,0.015625,0.017578125
0,2608329497.0,0.05859375,0.056640625,0.0
0,2608329497.0,127.423828125,1.083984375,0.0
0,2608329497.0,0.875,1.28515625,0.0
0,2608329497.0,127.935546875,2.044921875,0.0
0,2608329497.0,126.833984375,2.01953125,0.0
0,2608329497.0,0.064453125,0.05078125,0.0
0,2608329497.0,0.767578125,0.95703125,0.0
0,2628349607.0,0.0,0.01953125,0.017578125
0,2628349607.0,0.05859375,0.056640625,0.0
0,2628349607.0,127.427734375,0.31640625,0.0
0,2628349607.0,127.423828125,1.083984375,0.0
0,2628349607.0,0.875,1.28515625,0.0
0,2628349607.0,127.935546875,2.044921875,0.0
0,2628349607.0,126.833984375,2.01953125,0.0
0,2628349607.0,0.064453125,0.05078125,0.0
0,2628349607.0,0.490234375,0.43359375,0.0
0,2628349607.0,0.767578125,0.95703125,0.0
0,2648348188.0,0.0,0.01953125,0.017578125
0,2648348188.0,0.05859375,0.056640625,0.0
0,2648348188.0,127.390625,0.3359375,0.0
0,2648348188.0,127.423828125,1.083984375,0.0
0,2648348188.0,0.875,1.28515625,0.0
0,2648348188.0,127.935546875,2.044921875,0.0
0,2648348188.0,126.833984375,2.01953125,0.0
0,2648348188.0,0.064453125,0.05078125,0.0
0,2648348188.0,0.521484375,0.4609375,0.0
0,2648348188.0,0.8046875,0.92578125,0.0
0,2668366528.0,0.0,0.01953125,0.017578125
0,2668366528.0,0.05859375,0.056640625,0.0
0,2668366528.0,127.390625,0.3359375,0.0
0,2668366528.0,127.423828125,1.083984375,0.0
0,2668366528.0,0.875,1.28515625,0.0
0,2668366528.0,127.935546875,2.044921875,0.0
0,2668366528.0,126.833984375,2.01953125,0.0
0,2668366528.0,2.65234375,2.119140625,0.0
0,2668366528.0,0.064453125,0.05078125,0.0
0,2668366528.0,0.8046875,0.92578125,0.0
0,2688366217.0,0.0,0.01953125,0.017578125
0,2688366217.0,0.05859375,0.056640625,0.0
0,2688366217.0,127.390625,0.3359375,0.0
0,2688366217.0,127.423828125,1.083984375,0.0
0,2688366217.0,0.875,1.28515625,0.0
0,2688366217.0,127.935546875,2.044921875,0.0
0,2688366217.0,126.833984375,2.01953125,0.0
0,2688366217.0,2.65234375,2.119140625,0.0
0,2688366217.0,0.064453125,0.05078125,0.0
0,2688366217.0,0.767578125,0.95703125,0.0
0,2708366610.0,0.0,0.01953125,0.017578125
0,2708366610.0,0.05859375,0.056640625,0.0
0,2708366610.0,127.369140625,0.294921875,0.0
0,2708366610.0,127.423828125,1.083984375,0.0
0,2708366610.0,0.875,1.28515625,0.0
0,2708366610.0,127.935546875,2.044921875,0.0
0,2708366610.0,126.833984375,2.01953125,0.0
0,2708366610.0,2.65234375,2.119140625,0.0
0,2708366610.0,0.064453125,0.05078125,0.0
0,2708366610.0,0.767578125,0.95703125,0.0
0,2728347899.0,0.0,0.015625,0.017578125
0,2728347899.0,0.05859375,0.056640625,0.0
0,2728347899.0,127.34765625,0.2421875,0.0
0,2728347899.0,0.875,1.28515625,0.0
0,2728347899.0,127.935546875,2.044921875,0.0
0,2728347899.0,126.833984375,2.01953125,0.0
0,2728347899.0,2.65234375,2.119140625,0.0
0,2728347899.0,0.064453125,0.05078125,0.0
0,2748348198.0,0.0,0.015625,0.017578125
0,2748348198.0,0.05859375,0.056640625,0.0
0,2748348198.0,127.34765625,0.2421875,0.0
0,2748348198.0,0.875,1.28515625,0.0
0,2748348198.0,127.935546875,2.044921875,0.0
0,2748348198.0,126.833984375,2.01953125,0.0
0,2748348198.0,2.65234375,2.119140625,0.0
0,2748348198.0,0.064453125,0.05078125,0.0
0,3404311416.0,0.0,0.01953125,0.017578125
0,3404311416.0,0.05859375,0.056640625,0.0
0,3404311416.0,127.423828125,1.083984375,0.0
0,3404311416.0,0.875,1.28515625,0.0
0,3404311416.0,127.935546875,2.044921875,0.0
0,3404311416.0,127.5390625,0.169921875,0.0
0,3404311416.0,127.60546875,0.416015625,0.0
0,3404311416.0,0.064453125,0.05078125,0.0
0,3404311416.0,127.001953125,0.71484375,0.0
0,3404311416.0,0.3671875,0.32421875,0.0
0,3424311369.0,0.0,0.01953125,0.017578125
0,3424311369.0,0.05859375,0.056640625,0.0
0,3424311369.0,127.423828125,1.083984375,0.0
0,3424311369.0,0.875,1.28515625,0.0
0,3424311369.0,127.935546875,2.044921875,0.0
0,3424311369.0,126.76171875,1.974609375,0.0
0,3424311369.0,127.634765625,0.494140625,0.0
0,3424311369.0,0.064453125,0.05078125,0.0
0,3424311369.0,127.001953125,0.71484375,0.0
0,3424311369.0,0.0,2.33203125,0.0
0,3444328377.0,0.0,0.0234375,0.017578125
0,3444328377.0,0.05859375,0.056640625,0.0
0,3444328377.0,127.423828125,1.083984375,0.0
0,3444328377.0,126.734375,0.470703125,0.0
0,3444328377.0,0.826171875,1.31640625,0.0
0,3444328377.0,127.935546875,2.044921875,0.0
0,3444328377.0,126.76171875,1.974609375,0.0
0,3444328377.0,127.53515625,0.333984375,0.0
0,3444328377.0,0.064453125,0.05078125,0.0
0,3444328377.0,127.53515625,1.267578125,0.0
0,3444328377.0,0.923828125,1.25,0.0
0,3444328377.0,127.927734375,2.330078125,0.0
0,3464347937.0,0.0,0.021484375,0.017578125
0,3464347937.0,0.05859375,0.056640625,0.0
0,3464347937.0,127.38671875,1.0625,0.0
0,3464347937.0,126.734375,0.470703125,0.0
0,3464347937.0,0.875,1.28515625,0.0
0,3464347937.0,127.935546875,2.044921875,0.0
0,3464347937.0,2.65234375,2.119140625,0.0
0,3464347937.0,127.6015625,4.236328125,0.0
0,3464347937.0,127.59765625,0.462890625,0.0
0,3464347937.0,0.064453125,0.05078125,0.0
0,3464347937.0,127.494140625,1.251953125,0.0
0,3484327538.0,0.0,0.01953125,0.017578125
0,3484327538.0,0.05859375,0.056640625,0.0
0,3484327538.0,127.6953125,0.484375,0.0
0,3484327538.0,127.423828125,1.083984375,0.0
0,3484327538.0,126.734375,0.470703125,0.0
0,3484327538.0,0.875,1.28515625,0.0
0,3484327538.0,127.935546875,2.044921875,0.0
0,3484327538.0,126.76171875,1.974609375,0.0
0,3484327538.0,0.064453125,0.05078125,0.0
0,3484327538.0,127.494140625,1.251953125,0.0
0,3504309909.0,0.0,0.015625,0.017578125
0,3504309909.0,0.05859375,0.056640625,0.0
0,3504309909.0,127.701171875,0.439453125,0.0
0,3504309909.0,127.423828125,1.083984375,0.0
0,3504309909.0,126.734375,0.470703125,0.0
0,3504309909.0,0.875,1.28515625,0.0
0,3504309909.0,127.935546875,2.044921875,0.0
0,3504309909.0,0.064453125,0.05078125,0.0
0,3524330011.0,0.0,0.021484375,0.017578125
0,3524330011.0,0.05859375,0.056640625,0.0
0,3524330011.0,127.6953125,0.484375,0.0
0,3524330011.0,127.423828125,1.083984375,0.0
0,3524330011.0,126.734375,0.470703125,0.0
0,3524330011.0,0.875,1.28515625,0.0
0,3524330011.0,127.935546875,2.044921875,0.0
0,3524330011.0,126.76171875,1.974609375,0.0
0,3524330011.0,0.064453125,0.05078125,0.0
0,3524330011.0,127.001953125,0.71484375,0.0
0,3524330011.0,127.53515625,1.267578125,0.0
0,3544362951.0,0.0,0.025390625,0.017578125
0,3544362951.0,0.05859375,0.056640625,0.0
0,3544362951.0,127.701171875,0.439453125,0.0
0,3544362951.0,127.634765625,0.494140625,0.0
0,3544362951.0,127.423828125,1.083984375,0.0
0,3544362951.0,126.69140625,0.333984375,0.0
0,3544362951.0,0.875,1.28515625,0.0
0,3544362951.0,127.935546875,2.044921875,0.0
0,3544362951.0,126.76171875,1.974609375,0.0
0,3544362951.0,2.65234375,2.119140625,0.0
0,3544362951.0,0.064453125,0.05078125,0.0
0,3544362951.0,126.96484375,0.658203125,0.0
0,3544362951.0,127.53515625,1.267578125,0.0
0,3564329745.0,0.0,0.01953125,0.017578125
0,3564329745.0,0.05859375,0.056640625,0.0
0,3564329745.0,127.6953125,0.484375,0.0
0,3564329745.0,126.734375,0.470703125,0.0
0,3564329745.0,0.875,1.28515625,0.0
0,3564329745.0,127.935546875,2.044921875,0.0
0,3564329745.0,126.76171875,1.974609375,0.0
0,3564329745.0,2.65234375,2.119140625,0.0
0,3564329745.0,0.064453125,0.05078125,0.0
0,3564329745.0,127.53515625,1.267578125,0.0
0,3584346356.0,0.0,0.021484375,0.017578125
0,3584346356.0,0.05859375,0.056640625,0.0
0,3584346356.0,127.423828125,1.083984375,0.0
0,3584346356.0,126.734375,0.470703125,0.0
0,3584346356.0,0.875,1.28515625,0.0
0,3584346356.0,127.935546875,2.044921875,0.0
0,3584346356.0,126.76171875,1.974609375,0.0
0,3584346356.0,2.65234375,2.119140625,0.0
0,3584346356.0,127.443359375,0.259765625,0.0
0,3584346356.0,0.064453125,0.05078125,0.0
0,3584346356.0,0.0,2.33203125,0.0
0,3604347153.0,0.0,0.0234375,0.017578125
0,3604347153.0,0.05859375,0.056640625,0.0
0,3604347153.0,127.423828125,1.083984375,0.0
0,3604347153.0,126.734375,0.470703125,0.0
0,3604347153.0,0.875,1.28515625,0.0
0,3604347153.0,127.935546875,2.044921875,0.0
0,3604347153.0,126.76171875,1.974609375,0.0
0,3604347153.0,2.65234375,2.119140625,0.0
0,3604347153.0,127.654296875,0.5078125,0.0
0,3604347153.0,0.064453125,0.05078125,0.0
0,3604347153.0,126.96484375,0.658203125,0.0
0,3604347153.0,0.0,2.33203125,0.0
0,3624346714.0,0.0,0.021484375,0.017578125
0,3624346714.0,0.05859375,0.056640625,0.0
0,3624346714.0,127.423828125,1.083984375,0.0
0,3624346714.0,126.734375,0.470703125,0.0
0,3624346714.0,0.875,1.28515625,0.0
0,3624346714.0,127.935546875,2.044921875,0.0
0,3624346714.0,126.76171875,1.974609375,0.0
0,3624346714.0,127.677734375,0.47265625,0.0
0,3624346714.0,127.634765625,0.494140625,0.0
0,3624346714.0,0.064453125,0.05078125,0.0
0,3624346714.0,126.96484375,0.658203125,0.0
0,3644346552.0,0.0,0.021484375,0.017578125
0,3644346552.0,0.05859375,0.056640625,0.0
0,3644346552.0,127.423828125,1.083984375,0.0
0,3644346552.0,126.734375,0.470703125,0.0
0,3644346552.0,0.875,1.28515625,0.0
0,3644346552.0,127.935546875,2.044921875,0.0
0,3644346552.0,126.76171875,1.974609375,0.0
0,3644346552.0,2.65234375,2.119140625,0.0
0,3644346552.0,127.6328125,0.541015625,0.0
0,3644346552.0,0.064453125,0.05078125,0.0
0,3644346552.0,127.001953125,0.71484375,0.0
0,3664365108.0,0.0,0.021484375,0.017578125
0,3664365108.0,0.05859375,0.056640625,0.0
0,3664365108.0,127.423828125,1.083984375,0.0
0,3664365108.0,126.734375,0.470703125,0.0
0,3664365108.0,0.875,1.28515625,0.0
0,3664365108.0,127.935546875,2.044921875,0.0
0,3664365108.0,126.76171875,1.974609375,0.0
0,3664365108.0,2.65234375,2.119140625,0.0
0,3664365108.0,127.564453125,0.54296875,0.0
0,3664365108.0,127.6328125,0.541015625,0.0
0,3664365108.0,0.064453125,0.05078125,0.0
0,3684329550.0,0.0,0.021484375,0.017578125
0,3684329550.0,0.05859375,0.056640625,0.0
0,3684329550.0,127.423828125,1.083984375,0.0
0,3684329550.0,126.734375,0.470703125,0.0
0,3684329550.0,0.875,1.28515625,0.0
0,3684329550.0,127.935546875,2.044921875,0.0
0,3684329550.0,126.76171875,1.974609375,0.0
0,3684329550.0,2.65234375,2.119140625,0.0
0,3684329550.0,0.064453125,0.05078125,0.0
0,3684329550.0,126.96484375,0.658203125,0.0
0,3684329550.0,127.494140625,1.251953125,0.0
0,3704309344.0,0.0,0.015625,0.017578125
0,3704309344.0,0.05859375,0.056640625,0.0
0,3704309344.0,126.734375,0.470703125,0.0
0,3704309344.0,0.875,1.28515625,0.0
0,3704309344.0,127.935546875,2.044921875,0.0
0,3704309344.0,126.76171875,1.974609375,0.0
0,3704309344.0,2.65234375,2.119140625,0.0
0,3704309344.0,0.064453125,0.05078125,0.0
0,3724292075.0,0.0,0.01171875,0.017578125
0,3724292075.0,0.05859375,0.056640625,0.0
0,3724292075.0,126.734375,0.470703125,0.0
0,3724292075.0,0.875,1.28515625,0.0
0,3724292075.0,127.935546875,2.044921875,0.0
0,3724292075.0,126.740234375,2.009765625,0.0
0,3744310819.0,0.0,0.015625,0.017578125
0,3744310819.0,0.05859375,0.056640625,0.0
0,3744310819.0,0.875,1.28515625,0.0
0,3744310819.0,127.935546875,2.044921875,0.0
0,3744310819.0,126.76171875,1.974609375,0.0
0,3744310819.0,2.65234375,2.119140625,0.0
0,3744310819.0,127.564453125,0.54296875,0.0
0,3744310819.0,0.064453125,0.05078125,0.0
0,3764311852.0,0.0,0.015625,0.017578125
0,3764311852.0,0.05859375,0.056640625,0.0
0,3764311852.0,0.875,1.28515625,0.0
0,3764311852.0,0.0,2.044921875,0.0
0,3764311852.0,126.740234375,2.009765625,0.0
0,3764311852.0,2.65234375,2.119140625,0.0
0,3764311852.0,127.435546875,0.40625,0.0
0,3764311852.0,0.064453125,0.05078125,0.0
0,3784329109.0,0.0,0.017578125,0.017578125
0,3784329109.0,0.05859375,0.056640625,0.0
0,3784329109.0,127.38671875,1.0625,0.0
0,3784329109.0,0.875,1.28515625,0.0
0,3784329109.0,0.0,2.044921875,0.0
0,3784329109.0,126.740234375,2.009765625,0.0
0,3784329109.0,2.65234375,2.119140625,0.0
0,3784329109.0,127.671875,0.56640625,0.0
0,3784329109.0,0.064453125,0.05078125,0.0
0,3804329099.0,0.0,0.017578125,0.017578125
0,3804329099.0,0.05859375,0.056640625,0.0
0,3804329099.0,126.92578125,0.59375,0.0
0,3804329099.0,0.875,1.28515625,0.0
0,3804329099.0,127.935546875,2.044921875,0.0
0,3804329099.0,126.814453125,2.0546875,0.0
0,3804329099.0,2.65234375,2.119140625,0.0
0,3804329099.0,127.671875,0.56640625,0.0
0,3804329099.0,0.064453125,0.05078125,0.0
0,3824330466.0,0.0,0.017578125,0.017578125
0,3824330466.0,0.05859375,0.056640625,0.0
0,3824330466.0,126.888671875,0.51953125,0.0
0,3824330466.0,0.875,1.28515625,0.0
0,3824330466.0,127.935546875,2.044921875,0.0
0,3824330466.0,126.814453125,2.0546875,0.0
0,3824330466.0,2.65234375,2.119140625,0.0
0,3824330466.0,127.65234375,0.5546875,0.0
0,3824330466.0,0.064453125,0.05078125,0.0
0,3844365627.0,0.0,0.02734375,0.017578125
0,3844365627.0,0.05859375,0.056640625,0.0
0,3844365627.0,127.423828125,1.083984375,0.0
0,3844365627.0,126.65234375,0.345703125,0.0
0,3844365627.0,0.875,1.28515625,0.0
0,3844365627.0,127.935546875,2.044921875,0.0
0,3844365627.0,126.814453125,2.0546875,0.0
0,3844365627.0,2.65234375,2.119140625,0.0
0,3844365627.0,127.671875,0.56640625,0.0
0,3844365627.0,127.673828125,0.51953125,0.0
0,3844365627.0,0.064453125,0.05078125,0.0
0,3844365627.0,126.92578125,0.59375,0.0
0,3844365627.0,127.34765625,1.228515625,0.0
0,3844365627.0,127.38671875,0.228515625,0.0
0,3864330043.0,0.0,0.01953125,0.017578125
0,3864330043.0,0.05859375,0.056640625,0.0
0,3864330043.0,127.38671875,1.0625,0.0
0,3864330043.0,0.875,1.28515625,0.0
0,3864330043.0,127.935546875,2.044921875,0.0
0,3864330043.0,126.814453125,2.0546875,0.0
0,3864330043.0,2.65234375,2.119140625,0.0
0,3864330043.0,127.654296875,0.5078125,0.0
0,3864330043.0,0.064453125,0.05078125,0.0
0,3864330043.0,126.92578125,0.59375,0.0
0,3884347939.0,0.0,0.01953125,0.017578125
0,3884347939.0,0.05859375,0.056640625,0.0
0,3884347939.0,127.38671875,1.0625,0.0
0,3884347939.0,126.65234375,0.345703125,0.0
0,3884347939.0,0.875,1.28515625,0.0
0,3884347939.0,127.935546875,2.044921875,0.0
0,3884347939.0,126.814453125,2.0546875,0.0
0,3884347939.0,2.65234375,2.119140625,0.0
0,3884347939.0,127.60546875,0.416015625,0.0
0,3884347939.0,0.064453125,0.05078125,0.0
0,3904329712.0,0.0,0.017578125,0.017578125
0,3904329712.0,0.05859375,0.056640625,0.0
0,3904329712.0,127.423828125,1.083984375,0.0
0,3904329712.0,0.875,1.28515625,0.0
0,3904329712.0,127.935546875,2.044921875,0.0
0,3904329712.0,126.740234375,2.009765625,0.0
0,3904329712.0,2.65234375,2.119140625,0.0
0,3904329712.0,127.6171875,0.478515625,0.0
0,3904329712.0,0.064453125,0.05078125,0.0
0,3924348578.0,0.0,0.01953125,0.017578125
0,3924348578.0,0.05859375,0.056640625,0.0
0,3924348578.0,127.38671875,1.0625,0.0
0,3924348578.0,0.875,1.28515625,0.0
0,3924348578.0,127.935546875,2.044921875,0.0
0,3924348578.0,126.814453125,2.0546875,0.0
0,3924348578.0,2.65234375,2.119140625,0.0
0,3924348578.0,127.732421875,0.505859375,0.0
0,3924348578.0,127.634765625,0.38671875,0.0
0,3924348578.0,0.064453125,0.05078125,0.0
0,3944329434.0,0.0,0.017578125,0.017578125
0,3944329434.0,0.05859375,0.056640625,0.0
0,3944329434.0,127.38671875,1.0625,0.0
0,3944329434.0,0.875,1.28515625,0.0
0,3944329434.0,127.935546875,2.044921875,0.0
0,3944329434.0,126.814453125,2.0546875,0.0
0,3944329434.0,2.546875,2.24609375,0.0
0,3944329434.0,127.701171875,0.439453125,0.0
0,3944329434.0,0.064453125,0.05078125,0.0
0,3964312100.0,0.0,0.017578125,0.017578125
0,3964312100.0,0.05859375,0.056640625,0.0
0,3964312100.0,127.38671875,1.0625,0.0
0,3964312100.0,0.875,1.28515625,0.0
0,3964312100.0,127.935546875,2.044921875,0.0
0,3964312100.0,126.814453125,2.0546875,0.0
0,3964312100.0,127.80078125,0.4921875,0.0
0,3964312100.0,0.064453125,0.05078125,0.0
0,3964312100.0,126.92578125,0.59375,0.0
0,3984330506.0,0.0,0.01953125,0.017578125
0,3984330506.0,0.05859375,0.056640625,0.0
0,3984330506.0,127.78515625,0.44140625,0.0
0,3984330506.0,127.38671875,1.0625,0.0
0,3984330506.0,0.875,1.28515625,0.0
0,3984330506.0,127.935546875,2.044921875,0.0
0,3984330506.0,126.814453125,2.0546875,0.0
0,3984330506.0,2.546875,2.24609375,0.0
0,3984330506.0,0.064453125,0.05078125,0.0
0,3984330506.0,127.5859375,0.263671875,0.0
0,4004347163.0,0.0,0.021484375,0.017578125
0,4004347163.0,0.05859375,0.056640625,0.0
0,4004347163.0,127.80078125,0.44921875,0.0
0,4004347163.0,126.92578125,0.59375,0.0
0,4004347163.0,126.65234375,0.345703125,0.0
0,4004347163.0,0.875,1.28515625,0.0
0,4004347163.0,127.935546875,2.044921875,0.0
0,4004347163.0,126.814453125,2.0546875,0.0
0,4004347163.0,2.546875,2.24609375,0.0
0,4004347163.0,0.064453125,0.05078125,0.0
0,4004347163.0,127.38671875,1.0625,0.0
0,4024329745.0,0.0,0.01953125,0.017578125
0,4024329745.0,0.05859375,0.056640625,0.0
0,4024329745.0,127.81640625,0.455078125,0.0
0,4024329745.0,127.38671875,1.0625,0.0
0,4024329745.0,0.875,1.28515625,0.0
0,4024329745.0,127.935546875,2.044921875,0.0
0,4024329745.0,126.814453125,2.0546875,0.0
0,4024329745.0,2.546875,2.24609375,0.0
0,4024329745.0,0.064453125,0.05078125,0.0
0,4024329745.0,127.646484375,0.341796875,0.0
0,4044330481.0,0.0,0.01953125,0.017578125
0,4044330481.0,0.05859375,0.056640625,0.0
0,4044330481.0,127.75,0.470703125,0.0
0,4044330481.0,126.888671875,0.51953125,0.0
0,4044330481.0,0.875,1.28515625,0.0
0,4044330481.0,127.935546875,2.044921875,0.0
0,4044330481.0,126.814453125,2.0546875,0.0
0,4044330481.0,2.546875,2.24609375,0.0
0,4044330481.0,0.064453125,0.05078125,0.0
0,4044330481.0,127.55078125,0.28515625,0.0
0,4064329395.0,0.0,0.017578125,0.017578125
0,4064329395.0,0.05859375,0.056640625,0.0
0,4064329395.0,127.66796875,0.416015625,0.0
0,4064329395.0,127.38671875,1.0625,0.0
0,4064329395.0,0.875,1.28515625,0.0
0,4064329395.0,127.935546875,2.044921875,0.0
0,4064329395.0,126.814453125,2.0546875,0.0
0,4064329395.0,2.546875,2.24609375,0.0
0,4064329395.0,0.064453125,0.05078125,0.0
0,4084329867.0,0.0,0.01953125,0.017578125
0,4084329867.0,0.05859375,0.056640625,0.0
0,4084329867.0,127.8203125,0.544921875,0.0
0,4084329867.0,126.92578125,0.59375,0.0
0,4084329867.0,0.875,1.28515625,0.0
0,4084329867.0,127.935546875,2.044921875,0.0
0,4084329867.0,126.814453125,2.0546875,0.0
0,4084329867.0,2.546875,2.24609375,0.0
0,4084329867.0,0.064453125,0.05078125,0.0
0,4084329867.0,127.587890625,0.3984375,0.0
0,4104330090.0,0.0,0.017578125,0.017578125
0,4104330090.0,0.05859375,0.056640625,0.0
0,4104330090.0,127.68359375,0.427734375,0.0
0,4104330090.0,127.38671875,1.0625,0.0
0,4104330090.0,0.875,1.28515625,0.0
0,4104330090.0,127.935546875,2.044921875,0.0
0,4104330090.0,126.814453125,2.0546875,0.0
0,4104330090.0,2.546875,2.24609375,0.0
0,4104330090.0,0.064453125,0.05078125,0.0
0,4124330109.0,0.0,0.017578125,0.017578125
0,4124330109.0,0.05859375,0.056640625,0.0
0,4124330109.0,127.68359375,0.427734375,0.0
0,4124330109.0,127.38671875,1.0625,0.0
0,4124330109.0,0.875,1.28515625,0.0
0,4124330109.0,127.935546875,2.044921875,0.0
0,4124330109.0,126.814453125,2.0546875,0.0
0,4124330109.0,2.546875,2.24609375,0.0
0,4124330109.0,0.064453125,0.05078125,0.0
0,4144329568.0,0.0,0.017578125,0.017578125
0,4144329568.0,0.05859375,0.056640625,0.0
0,4144329568.0,127.66796875,0.416015625,0.0
0,4144329568.0,127.38671875,1.0625,0.0
0,4144329568.0,0.875,1.28515625,0.0
0,4144329568.0,127.935546875,2.044921875,0.0
0,4144329568.0,126.814453125,2.0546875,0.0
0,4144329568.0,2.546875,2.24609375,0.0
0,4144329568.0,0.064453125,0.05078125,0.0
0,4164329847.0,0.0,0.017578125,0.017578125
0,4164329847.0,0.05859375,0.056640625,0.0
0,4164329847.0,127.66796875,0.416015625,0.0
0,4164329847.0,127.38671875,1.0625,0.0
0,4164329847.0,0.875,1.28515625,0.0
0,4164329847.0,127.935546875,2.044921875,0.0
0,4164329847.0,126.814453125,2.0546875,0.0
0,4164329847.0,2.546875,2.24609375,0.0
0,4164329847.0,0.064453125,0.05078125,0.0
0,4184330101.0,0.0,0.017578125,0.017578125
0,4184330101.0,0.05859375,0.056640625,0.0
0,4184330101.0,127.716796875,0.451171875,0.0
0,4184330101.0,126.92578125,0.59375,0.0
0,4184330101.0,0.875,1.28515625,0.0
0,4184330101.0,127.935546875,2.044921875,0.0
0,4184330101.0,126.814453125,2.0546875,0.0
0,4184330101.0,2.546875,2.24609375,0.0
0,4184330101.0,0.064453125,0.05078125,0.0
0,4204294637.0,0.0,0.013671875,0.017578125
0,4204294637.0,0.05859375,0.056640625,0.0
0,4204294637.0,126.888671875,0.51953125,0.0
0,4204294637.0,0.875,1.28515625,0.0
0,4204294637.0,127.935546875,2.044921875,0.0
0,4204294637.0,126.814453125,2.0546875,0.0
0,4204294637.0,0.064453125,0.05078125,0.0
0,4224312299.0,0.0,0.015625,0.017578125
0,4224312299.0,0.05859375,0.056640625,0.0
0,4224312299.0,127.68359375,0.427734375,0.0
0,4224312299.0,126.92578125,0.59375,0.0
0,4224312299.0,0.875,1.28515625,0.0
0,4224312299.0,127.935546875,2.044921875,0.0
0,4224312299.0,126.814453125,2.0546875,0.0
0,4224312299.0,0.064453125,0.05078125,0.0
0,4244329876.0,0.0,0.017578125,0.017578125
0,4244329876.0,0.05859375,0.056640625,0.0
0,4244329876.0,127.662109375,0.357421875,0.0
0,4244329876.0,127.38671875,1.0625,0.0
0,4244329876.0,0.875,1.28515625,0.0
0,4244329876.0,127.935546875,2.044921875,0.0
0,4244329876.0,126.814453125,2.0546875,0.0
0,4244329876.0,2.546875,2.24609375,0.0
0,4244329876.0,0.064453125,0.05078125,0.0
0,4264329829.0,0.0,0.01953125,0.017578125
0,4264329829.0,0.05859375,0.056640625,0.0
0,4264329829.0,127.68359375,0.427734375,0.0
0,4264329829.0,127.38671875,1.0625,0.0
0,4264329829.0,0.875,1.28515625,0.0
0,4264329829.0,127.935546875,2.044921875,0.0
0,4264329829.0,126.814453125,2.0546875,0.0
0,4264329829.0,2.546875,2.24609375,0.0
0,4264329829.0,0.064453125,0.05078125,0.0
0,4264329829.0,0.498046875,0.185546875,0.0
0,4284329617.0,0.0,0.017578125,0.017578125
0,4284329617.0,0.05859375,0.056640625,0.0
0,4284329617.0,127.716796875,0.451171875,0.0
0,4284329617.0,126.92578125,0.59375,0.0
0,4284329617.0,0.875,1.28515625,0.0
0,4284329617.0,127.935546875,2.044921875,0.0
0,4284329617.0,126.814453125,2.0546875,0.0
0,4284329617.0,2.546875,2.24609375,0.0
0,4284329617.0,0.064453125,0.05078125,0.0
0,9362918.0,0.0,0.01953125,0.017578125
0,9362918.0,0.05859375,0.056640625,0.0
0,9362918.0,127.66796875,0.416015625,0.0
0,9362918.0,127.38671875,1.0625,0.0
0,9362918.0,0.875,1.28515625,0.0
0,9362918.0,127.935546875,2.044921875,0.0
0,9362918.0,126.814453125,2.0546875,0.0
0,9362918.0,2.546875,2.24609375,0.0
0,9362918.0,0.064453125,0.05078125,0.0
0,9362918.0,127.484375,0.1328125,0.0
0,29362049.0,0.0,0.01953125,0.017578125
0,29362049.0,0.05859375,0.056640625,0.0
0,29362049.0,127.693359375,0.3828125,0.0
0,29362049.0,127.38671875,1.0625,0.0
0,29362049.0,0.875,1.28515625,0.0
0,29362049.0,127.935546875,2.044921875,0.0
0,29362049.0,126.814453125,2.0546875,0.0
0,29362049.0,2.546875,2.24609375,0.0
0,29362049.0,0.064453125,0.05078125,0.0
0,29362049.0,127.861328125,0.470703125,0.0
0,49344742.0,0.0,0.015625,0.017578125
0,49344742.0,0.05859375,0.056640625,0.0
0,49344742.0,127.38671875,1.0625,0.0
0,49344742.0,0.875,1.28515625,0.0
0,49344742.0,127.935546875,2.044921875,0.0
0,49344742.0,126.814453125,2.0546875,0.0
0,49344742.0,2.546875,2.24609375,0.0
0,49344742.0,0.064453125,0.05078125,0.0
0,69363188.0,0.0,0.017578125,0.017578125
0,69363188.0,0.05859375,0.056640625,0.0
0,69363188.0,127.716796875,0.451171875,0.0
0,69363188.0,127.38671875,1.0625,0.0
0,69363188.0,0.875,1.28515625,0.0
0,69363188.0,127.935546875,2.044921875,0.0
0,69363188.0,126.814453125,2.0546875,0.0
0,69363188.0,2.546875,2.24609375,0.0
0,69363188.0,0.064453125,0.05078125,0.0
0,89344265.0,0.0,0.015625,0.017578125
0,89344265.0,0.05859375,0.056640625,0.0
0,89344265.0,127.38671875,1.0625,0.0
0,89344265.0,0.875,1.28515625,0.0
0,89344265.0,127.935546875,2.044921875,0.0
0,89344265.0,126.814453125,2.0546875,0.0
0,89344265.0,2.546875,2.24609375,0.0
0,89344265.0,0.064453125,0.05078125,0.0
0,109380434.0,0.0,0.021484375,0.017578125
0,109380434.0,0.05859375,0.056640625,0.0
0,109380434.0,127.38671875,1.0625,0.0
0,109380434.0,126.65234375,0.345703125,0.0
0,109380434.0,0.875,1.28515625,0.0
0,109380434.0,127.935546875,2.044921875,0.0
0,109380434.0,126.814453125,2.0546875,0.0
0,109380434.0,2.546875,2.24609375,0.0
0,109380434.0,127.701171875,0.439453125,0.0
0,109380434.0,0.064453125,0.05078125,0.0
0,109380434.0,126.92578125,0.59375,0.0
0,129361838.0,0.0,0.017578125,0.017578125
0,129361838.0,0.05859375,0.056640625,0.0
0,129361838.0,127.38671875,1.0625,0.0
0,129361838.0,0.875,1.28515625,0.0
0,129361838.0,127.935546875,2.044921875,0.0
0,129361838.0,126.814453125,2.0546875,0.0
0,129361838.0,2.65234375,2.119140625,0.0
0,129361838.0,127.677734375,0.47265625,0.0
0,129361838.0,0.064453125,0.05078125,0.0
0,149362473.0,0.0,0.01953125,0.017578125
0,149362473.0,0.05859375,0.056640625,0.0
0,149362473.0,127.38671875,1.0625,0.0
0,149362473.0,0.875,1.28515625,0.0
0,149362473.0,127.935546875,2.044921875,0.0
0,149362473.0,126.814453125,2.0546875,0.0
0,149362473.0,2.65234375,2.119140625,0.0
0,149362473.0,127.66015625,0.4609375,0.0
0,149362473.0,0.064453125,0.05078125,0.0
0,149362473.0,126.92578125,0.59375,0.0
0,169362566.0,0.0,0.017578125,0.017578125
0,169362566.0,0.05859375,0.056640625,0.0
0,169362566.0,127.642578125,0.447265625,0.0
0,169362566.0,127.38671875,1.0625,0.0
0,169362566.0,0.875,1.28515625,0.0
0,169362566.0,127.935546875,2.044921875,0.0
0,169362566.0,126.814453125,2.0546875,0.0
0,169362566.0,2.65234375,2.119140625,0.0
0,169362566.0,0.064453125,0.05078125,0.0
0,189380842.0,0.0,0.0234375,0.017578125
0,189380842.0,0.05859375,0.056640625,0.0
0,189380842.0,127.6953125,0.484375,0.0
0,189380842.0,127.38671875,1.0625,0.0
0,189380842.0,126.65234375,0.345703125,0.0
0,189380842.0,0.875,1.28515625,0.0
0,189380842.0,127.935546875,2.044921875,0.0
0,189380842.0,126.814453125,2.0546875,0.0
0,189380842.0,2.65234375,2.119140625,0.0
0,189380842.0,0.064453125,0.05078125,0.0
0,189380842.0,127.427734375,0.0,0.0
0,189380842.0,126.92578125,0.59375,0.0
0,209362949.0,0.0,0.01953125,0.017578125
0,209362949.0,0.05859375,0.056640625,0.0
0,209362949.0,127.625,0.431640625,0.0
0,209362949.0,127.38671875,1.0625,0.0
0,209362949.0,0.875,1.28515625,0.0
0,209362949.0,127.935546875,2.044921875,0.0
0,209362949.0,126.814453125,2.0546875,0.0
0,209362949.0,2.65234375,2.119140625,0.0
0,209362949.0,0.064453125,0.05078125,0.0
0,209362949.0,127.83984375,0.548828125,0.0
0,229362053.0,0.0,0.01953125,0.017578125
0,229362053.0,0.05859375,0.056640625,0.0
0,229362053.0,127.78515625,0.53125,0.0
0,229362053.0,127.38671875,1.0625,0.0
0,229362053.0,0.875,1.28515625,0.0
0,229362053.0,127.935546875,2.044921875,0.0
0,229362053.0,126.814453125,2.0546875,0.0
0,229362053.0,2.546875,2.24609375,0.0
0,229362053.0,0.064453125,0.05078125,0.0
0,229362053.0,127.625,0.431640625,0.0
0,249362472.0,0.0,0.01953125,0.017578125
0,249362472.0,0.05859375,0.056640625,0.0
0,249362472.0,127.634765625,0.38671875,0.0
0,249362472.0,127.38671875,1.0625,0.0
0,249362472.0,0.875,1.28515625,0.0
0,249362472.0,127.935546875,2.044921875,0.0
0,249362472.0,126.814453125,2.0546875,0.0
0,249362472.0,2.65234375,2.119140625,0.0
0,249362472.0,0.064453125,0.05078125,0.0
0,249362472.0,127.81640625,0.5,0.0
0,269379794.0,0.0,0.0234375,0.017578125
0,269379794.0,0.05859375,0.056640625,0.0
0,269379794.0,127.677734375,0.47265625,0.0
0,269379794.0,127.38671875,1.0625,0.0
0,269379794.0,126.65234375,0.345703125,0.0
0,269379794.0,0.875,1.28515625,0.0
0,269379794.0,127.935546875,2.044921875,0.0
0,269379794.0,126.814453125,2.0546875,0.0
0,269379794.0,2.65234375,2.119140625,0.0
0,269379794.0,0.064453125,0.05078125,0.0
0,269379794.0,127.4453125,0.142578125,0.0
0,269379794.0,126.92578125,0.59375,0.0
